PEN #000000
LINE 0.28 0.18166666666666667 0.0 0.3616666666666667
RECTANGLE 0.20833333333333334 0.145 0.6633333333333333 0.9983333333333333
RECTANGLE 0.20833333333333334 0.145 0.6633333333333333 0.9983333333333333
RECTANGLE 0.5516666666666666 0.29333333333333333 0.92 0.9583333333333334
RECTANGLE 0.5516666666666666 0.29333333333333333 0.92 0.9583333333333334
RECTANGLE 0.17 0.2966666666666667 0.755 0.6883333333333334
RECTANGLE 0.17 0.2966666666666667 0.755 0.6883333333333334
RECTANGLE 0.24833333333333332 0.4816666666666667 0.865 0.7966666666666666
RECTANGLE 0.24833333333333332 0.4816666666666667 0.865 0.7966666666666666
RECTANGLE 0.12 0.15166666666666667 0.57 0.31333333333333335
RECTANGLE 0.12 0.15166666666666667 0.57 0.31333333333333335
PEN #33FF66
RECTANGLE 0.435 0.19166666666666668 0.885 0.3983333333333333
RECTANGLE 0.435 0.19166666666666668 0.885 0.3983333333333333
FILL #0033CC
RECTANGLE 0.155 0.535 0.5016666666666667 0.87
RECTANGLE 0.155 0.535 0.5016666666666667 0.87
